Monsters	0.000	0.005	0.037	0.113	0.234	0.281	0.208	0.092	0.026	0.003	
mean	4.893
Unknowns	0.052	0.213	0.323	0.263	0.116	0.029	0.004	0.000	0.000	0.000	
mean	2.284
Rests	0.000	0.008	0.073	0.544	0.345	0.029	0.000	0.000	0.000	0.000	
mean	3.315
Shops	0.000	0.867	0.128	0.005	0.000	0.000	0.000	0.000	0.000	0.000	
mean	1.139
Elites	0.150	0.426	0.333	0.085	0.005	0.000	0.000	0.000	0.000	0.000	
mean	1.370
Before First Rest
Monsters	0.738	0.180	0.060	0.015	0.005	0.001	0.000	
mean	0.374
Elites	0.895	0.093	0.009	0.003	0.000	0.000	0.000	
mean	0.120
