Monsters	0.000	0.005	0.030	0.102	0.211	0.279	0.217	0.115	0.033	0.007	0.001	
mean	5.053
Unknowns	0.042	0.184	0.306	0.280	0.137	0.042	0.007	0.001	0.000	0.000	0.000	
mean	2.445
Rests	0.000	0.001	0.021	0.511	0.427	0.039	0.000	0.000	0.000	0.000	0.000	
mean	3.483
Shops	0.471	0.430	0.095	0.004	0.000	0.000	0.000	0.000	0.000	0.000	0.000	
mean	0.631
Elites	0.148	0.418	0.338	0.091	0.005	0.000	0.000	0.000	0.000	0.000	0.000	
mean	1.388
Before First Rest
Monsters	0.723	0.195	0.067	0.013	0.002	0.000	0.000	0.000	
mean	0.377
Elites	0.921	0.074	0.004	0.001	0.000	0.000	0.000	0.000	
mean	0.083
